Image lion2.png loaded:
	width      = 1920
	height     = 1080
	bit_depth  = 8
	color_type = 0

Czas [nanosekundy] wykonania funkcji filter():  22255478 20156607 20225319 20033261 20062058 20012031 20072597 20457830 20113755 20163642 20113192 20292056 20082875 20104454 20180111 20108010 20121164 20212926 20122614 20143067 20141978 20100426 20108361 20154192 20084095 20112829 20119177 21023074 20345607 20117134 20110005 20202852 20116232 20202459 20089851 20122035 20103712 20057518 20145446 20140650 20122103 20055131 20058703 20110523 20127878 20115755 20117321 20064486 20114438 20173850
srednia: 20193817.360000

Parametr - Liczba cykli zegara dla wykonania funkcji filter() podzielona na pole obrazu:  24 22 22 21 21 21 21 22 22 22 22 22 21 22 22 22 22 22 22 22 22 22 22 22 21 22 22 23 22 22 22 22 22 22 21 22 22 21 22 22 22 21 21 22 22 22 22 21 22 22
srednia: 21.840000

